41838838
205006171
204647038
414722701
204691487
204739497
204720027
3058006
454683881
204696925
46942396
200020172
4012013
205758208
441622353
345332075
936949473
46640083
4319759
9093919799
200235177
205669836
41540783
205411440
200026404
782533579
204695567
2869316
781908679
44300327
46559882
42841774
46015050
9498330
200096170
205681194
26862220
336792
59867
377983111
205535979
4607469
337554917
37850253
200161545
46314046
200182050
402299814
383809406
675120934
49038156
382101194
17435366
379679898
627387103
47154952
314945997
365616731
200098098
40049860
205237318
34146293
448705597
205251865
254648096
205317616
49486138
137026740
205682279
200098751
26654506
49337431
863987
204676494
417649376
45888169
204837261
25517027
204962476
205253720
1534703468
312930743
627916675
278005381
205107553
204763041
540651417
205675303
2736854
47407845
493175519
116433173
48496649
45338128
47277980
779166009
158420
204962177
962927899
353787169
3538321
200009758
2819458
33203242
675727355
849560636
269765816
205674069
408905627
272977695
80210571
26224788
200183431
919404
48608609
200174265
2711184
45576420
45259028
19326685
204934719
891380
46865549
45293003
54235097
88119773
200181299
3307044
204691349
455123655
204885128
478303169
14943559
191128319
48456599
418092259
205688601
3263239
49067547
205206644
85565972
204732515
1063717088
205122984
200026298
205485146
44034347
204832741
205316802
282956645
200235473
774573529
32687773
865076391
354965864
204673232
671746116
623709850
200172722
452965832
48729150
204738812
204963639
3976837
41963497
205138945
913241662
1129190846
574427497
200227048
41370894
204956896
199996777
782453138
38924415
591478961
38016695
1772136914
205670379
49378762
12661078
23634335
63964
46066909
44996342
47187104
46060042
27471095
200181331
205137101
200024758
450439217
327387981
45414292
204961437
424772783
200024008
410413463
200183000
303304744
204837376
43937232
205413089
947306915
200177253
49157524
200162960
42802514
3776608
1562521
43408262
2052337
83940
1275990
100001
363351793
200027360
21852365
814367255
44877802
204925925
204735494
821877473
204838858
4184292
17359302
154202510
205680923
49059627
284657815
37384147
205315277
43801247
43140004
41998751
204717382
205410150
204683848
4424823
576180362
4686407
204722535
47230514
907282531
205679734
1104643500
26617870
45488204
200147536
200183180
641230082
13835710
40738445
80074
361797195
717688660
438071800
1012761894
3791711
200130971
360133349
204752351
494059327
380244636
32137288
200148204
3216519
170527916
49502555
204731975
829275
1081253
2971820
47136068
200172496
1743814639
49278347
4043331
40991751
47164624
38203908
47960804
49283907
204770234
1124016157
48917233
1070986502
25645584
205212203
36230795
651010529
204980077
57630279
205315868
205675902
442504636
79859679
954465785
200130344
14958479
46864880
205682321
7019765
26185249
204950440
444563922
205209931
205670915
625351438
205236200
205319588
1798046427
49363915
9562942464
200160379
205669154
3118107
12083
47477506
2690816
42250822
4019638
63964
200182050
204770234
204961437
4184292
48496649
200172496
49337431
204691487
623709850
200174265
205411440
408905627
200177253
37384147
200026404
4012013
200024758
200235473
47136068
204722535
444563922
17435366
204962476
540651417
962927899
200026298
40991751
204962177
204963639
205670379
417649376
849560636
204695567
205315868
46314046
3263239
774573529
40738445
49486138
204832741
14943559
478303169
272977695
45888169
57630279
200098098
891380
49378762
47154952
26224788
88119773
205137101
379679898
205680923
200160379
200096170
204752351
37850253
438071800
79859679
34146293
365616731
205006171
205138945
205212203
205315277
814367255
44996342
49067547
46864880
204885128
380244636
204731975
954465785
4043331
919404
27471095
282956645
205758208
205674069
47277980
204739497
204837376
205237318
337554917
410413463
204735494
42250822
204956896
414722701
205410150
4607469
200172722
204647038
48456599
47230514
49278347
200027360
26185249
314945997
7019765
44877802
200183000
204717382
204763041
424772783
205413089
45259028
49363915
1124016157
47164624
25645584
200020172
200235177
41998751
9498330
199996777
48917233
46640083
204696925
781908679
42841774
312930743
907282531
3118107
1012761894
12083
717688660
200147536
200181299
205670915
3776608
200098751
46942396
3216519
46865549
205688601
454683881
205236200
204925925
47187104
1063717088
442504636
2736854
200130971
627916675
4319759
19326685
200183431
54235097
4686407
21852365
494059327
204676494
200148204
865076391
170527916
354965864
46015050
43937232
23634335
574427497
2711184
45576420
204720027
303304744
49059627
48608609
441622353
204934719
2052337
43801247
42802514
46066909
675727355
200162960
493175519
2971820
278005381
2690816
9562942464
382101194
361797195
41838838
36230795
863987
671746116
80074
4424823
205316802
591478961
32687773
200227048
402299814
1743814639
3058006
3791711
45293003
205485146
17359302
269765816
205317616
154202510
38924415
45414292
41370894
1129190846
43408262
38203908
137026740
26617870
32137288
576180362
100001
353787169
200024008
41540783
675120934
25517027
205669836
284657815
360133349
1104643500
205122984
200181331
205681194
450439217
1534703468
46559882
345332075
947306915
26654506
205535979
1798046427
205669154
200130344
116433173
3307044
204838858
641230082
44300327
205319588
204732515
191128319
204837261
1070986502
204683848
455123655
14958479
452965832
1081253
651010529
2819458
83940
49283907
80210571
829275
782533579
205682321
59867
205253720
200183180
205209931
43140004
204691349
625351438
85565972
779166009
44034347
205107553
12661078
821877473
41963497
377983111
204738812
40049860
205251865
200161545
47477506
49038156
33203242
254648096
3976837
1562521
9093919799
913241662
26862220
205679734
3538321
13835710
200009758
204980077
46060042
204950440
936949473
205206644
448705597
49157524
48729150
38016695
383809406
47960804
327387981
782453138
1772136914
627387103
45488204
47407845
158420
363351793
336792
49502555
205675902
1275990
205682279
205675303
45338128
418092259
2869316
204673232
4019638
26862220
574427497
41963497
3263239
1562521
49363915
337554917
2971820
205670379
1012761894
47154952
204732515
452965832
272977695
25645584
54235097
4019638
48608609
43801247
17435366
204739497
576180362
303304744
116433173
45576420
284657815
671746116
44300327
205209931
3058006
40738445
44877802
200177253
41540783
19326685
46864880
45259028
158420
200235177
38016695
37384147
205410150
48729150
454683881
361797195
204962476
424772783
494059327
205107553
200181299
21852365
1063717088
204925925
3976837
3538321
59867
947306915
205485146
205674069
1743814639
26185249
199996777
49486138
44034347
46942396
12083
200027360
627916675
204731975
1129190846
204962177
829275
450439217
47187104
365616731
49157524
200183000
418092259
204722535
4184292
200227048
455123655
200172496
40049860
3118107
49059627
200009758
2690816
41838838
47277980
36230795
38924415
46559882
200098098
46314046
41998751
205253720
14958479
865076391
45338128
204673232
14943559
414722701
200160379
204695567
441622353
204934719
591478961
1104643500
12661078
42841774
204738812
42802514
45293003
200172722
204691487
254648096
3776608
79859679
204770234
814367255
200182050
191128319
205206644
205679734
204720027
205319588
205682279
2736854
205315868
200020172
204838858
675120934
1772136914
936949473
377983111
205138945
4319759
204647038
205122984
962927899
46640083
80210571
3307044
85565972
9498330
204763041
448705597
23634335
26654506
48917233
1070986502
32137288
204832741
200026404
200024758
200162960
627387103
205316802
205236200
204717382
205251865
3216519
48456599
46060042
651010529
200183431
200181331
442504636
774573529
625351438
33203242
205237318
200148204
204837261
380244636
379679898
353787169
913241662
205675902
45488204
204691349
49378762
63964
137026740
1275990
3791711
444563922
205411440
200183180
478303169
49502555
408905627
493175519
383809406
417649376
17359302
205315277
205688601
205682321
154202510
26617870
205669836
205680923
410413463
204961437
37850253
204980077
46066909
47230514
540651417
641230082
47960804
4424823
204950440
47136068
13835710
1534703468
781908679
48496649
863987
314945997
204696925
312930743
34146293
200130344
954465785
849560636
1124016157
4607469
41370894
205669154
47407845
57630279
49283907
204752351
205675303
205670915
26224788
38203908
204885128
204837376
44996342
204683848
32687773
717688660
360133349
4686407
200235473
47477506
278005381
327387981
891380
45888169
269765816
2819458
200096170
9093919799
204735494
9562942464
282956645
200098751
83940
200026298
1081253
336792
49278347
2869316
170527916
354965864
205413089
88119773
200161545
4012013
779166009
46015050
205137101
907282531
42250822
45414292
43408262
205317616
100001
49067547
919404
80074
4043331
49337431
205535979
7019765
49038156
205681194
2711184
200174265
205006171
46865549
205758208
205212203
47164624
204963639
623709850
402299814
27471095
675727355
345332075
782453138
438071800
43937232
204956896
200024008
782533579
382101194
200130971
363351793
821877473
25517027
40991751
2052337
1798046427
200147536
43140004
204676494
410413463
1798046427
13835710
205316802
204676494
493175519
204739497
200024758
49278347
204838858
382101194
2819458
49283907
205253720
12083
282956645
200181299
33203242
199996777
43408262
441622353
205675303
204717382
26185249
49502555
204770234
717688660
829275
200026298
200130344
37384147
59867
354965864
774573529
204732515
4686407
3791711
284657815
782533579
1063717088
591478961
19326685
205206644
47960804
442504636
25517027
200181331
204956896
448705597
303304744
4019638
49378762
204962177
40049860
623709850
100001
49038156
49363915
200096170
80210571
47477506
4043331
38203908
782453138
1104643500
821877473
954465785
40738445
3307044
45259028
337554917
9093919799
204673232
353787169
204731975
45414292
36230795
205679734
379679898
205675902
402299814
3538321
205485146
43801247
204691349
46060042
651010529
205212203
204980077
12661078
2711184
48608609
45488204
200172722
418092259
42841774
205137101
43937232
312930743
205674069
1534703468
205236200
1275990
200148204
85565972
41370894
191128319
200177253
44300327
205237318
45888169
205317616
478303169
204647038
200183000
574427497
200235473
200147536
865076391
494059327
47136068
170527916
200227048
454683881
204691487
3118107
200098751
44996342
204885128
47164624
2869316
47277980
38924415
814367255
576180362
9498330
779166009
204832741
205410150
200024008
80074
414722701
49486138
205669836
3216519
41540783
3058006
204752351
47230514
1129190846
200162960
46559882
7019765
360133349
417649376
49337431
641230082
200020172
45576420
919404
48456599
377983111
116433173
137026740
314945997
2736854
272977695
947306915
204934719
408905627
327387981
26862220
205670915
23634335
200027360
49059627
200130971
452965832
361797195
200172496
204735494
1012761894
200235177
200160379
204720027
205107553
200009758
48729150
205315868
17359302
891380
63964
200183180
204925925
200098098
4012013
4607469
2971820
88119773
3263239
345332075
383809406
675120934
269765816
336792
205411440
46865549
26224788
1124016157
40991751
1772136914
42250822
47154952
46640083
205209931
204950440
3776608
278005381
154202510
4184292
205006171
863987
41838838
48496649
962927899
54235097
26654506
27471095
46066909
200183431
200161545
41963497
204696925
14943559
14958479
205122984
47187104
204837261
44877802
204837376
907282531
3976837
4319759
38016695
1743814639
204962476
205251865
205413089
204683848
205670379
205138945
46864880
2690816
46015050
158420
200026404
913241662
627916675
204763041
44034347
205669154
363351793
204695567
37850253
540651417
4424823
205682321
1081253
9562942464
79859679
45293003
254648096
26617870
204963639
21852365
675727355
32687773
205319588
936949473
204961437
205681194
781908679
424772783
365616731
444563922
205682279
48917233
45338128
438071800
1562521
49067547
57630279
42802514
204722535
455123655
41998751
17435366
2052337
625351438
205680923
450439217
46942396
83940
200174265
205688601
49157524
671746116
46314046
47407845
205535979
200182050
849560636
627387103
205315277
34146293
43140004
1070986502
32137288
205758208
25645584
380244636
204738812
54249179
2837021
462498266
568117861
515141243
906123347
59546193
214593935
2865284214
462256271
506979206
515090794
445791834
70476361
363772314
1824111578
291814286
457360866
12083
445848352
164094501
931889913
26185249
308276694
457327615
507754580
59867
47821976
443126097
71552506
2402914235
507752915
521884500
457327188
457333501
445859396
445983718
592193812
506981434
63714797
446269913
465306133
100001
1334071613
40075202
71572880
296173799
466384313
63679262
34347679
123642111
137990973
9093919799
204731975
592082002
464538329
506963332
465299395
429667683
461596140
446233156
12661078
71578250
67938697
445066168
39793620
514975788
282301029
50419700
81372241
69809179
67282634
52047304
497415653
52636563
41207174
61019516
457361201
44530629
457340126
461701584
457352523
303120901
465304774
9498330
457343223
46352755
334287540
3216519
594358203
464500331
995781219
635588951
670068197
64363823
893095629
464508324
46801748
4347837
7019765
53742110
39290253
731439771
521884463
919404
20081215
26862220
23634335
547024179
69733444
970691564
190794229
58126434
457336595
1163067184
69731420
431414683
17359302
956651844
891380
1007707385
63964
514399623
57226447
747422619
4966074
461702317
71160321
446233295
464518008
49161135
63350626
1204732707
1034182769
863987
542007420
64380136
66140727
15111
53951006
1253589120
46495704
57541332
444966089
68862082
20688554
429651478
61105108
39850764
306376661
61840254
42458367
447887013
430626595
429687533
598067494
158420
465174134
68494213
9562942464
66536763
515693788
807378803
960995986
275682782
59749285
44028484
1034078299
1418086022
47373951
68818916
1892327
49176647
46546336
467023375
446169558
429670505
83940
48353202
492567587
3185889
429727944
32137288
25645584
494949
80089
528641
93408
49278347
54249179
2837021
462498266
568117861
515141243
906123347
59546193
214593935
2865284214
462256271
506979206
515090794
445791834
70476361
363772314
1824111578
291814286
457360866
12083
445848352
164094501
931889913
26185249
308276694
457327615
507754580
59867
47821976
443126097
71552506
2402914235
507752915
521884500
457327188
457333501
445859396
445983718
592193812
506981434
63714797
446269913
465306133
100001
1334071613
40075202
71572880
296173799
466384313
63679262
34347679
123642111
137990973
9093919799
592082002
464538329
506963332
465299395
429667683
461596140
446233156
12661078
71578250
67938697
445066168
39793620
514975788
282301029
50419700
81372241
69809179
67282634
52047304
497415653
52636563
41207174
61019516
457361201
44530629
457340126
461701584
457352523
303120901
465304774
9498330
457343223
46352755
334287540
3216519
594358203
464500331
995781219
635588951
670068197
64363823
893095629
464508324
46801748
4347837
7019765
53742110
39290253
731439771
521884463
919404
20081215
26862220
23634335
547024179
69733444
970691564
190794229
58126434
457336595
1163067184
69731420
431414683
17359302
956651844
891380
1007707385
63964
514399623
57226447
747422619
4966074
461702317
71160321
446233295
464518008
49161135
63350626
1204732707
1034182769
863987
542007420
64380136
66140727
15111
53951006
1253589120
46495704
57541332
444966089
68862082
20688554
429651478
61105108
39850764
306376661
61840254
42458367
447887013
430626595
429687533
598067494
158420
465174134
68494213
9562942464
66536763
515693788
807378803
960995986
275682782
59749285
44028484
1034078299
1418086022
47373951
68818916
1892327
49176647
46546336
467023375
446169558
429670505
83940
48353202
205688601
492567587
3185889
429727944
32137288
25645584
2151633260
1517424
2506935748
982000
4402152
4321640
282956645
11635613
89380
58762
36716039
2975545
49378160
2261493682
68970
29159764
48267
26642041
26209374
25933898
29483431
25837262
53465265
5395263
3574615
135641
72424
2231672392
454545
100001
3842629
475424
4644120
27088039
12038413
5247076
29413888
23767807
77046
29690302
61752931
132581
36715930
24736278
29211385
666666
11975
23600440
134151
30828545
2160034473
379071
657088413
64450645
23024695
20020
27978365
43054189
524639
37538334
657327187
1335623010
7019765
30141463
61754987
28396878
2165465692
94342
1335581569
1456202
6827727
26295701
4587616
2331800893
12214968
10792650
236609
4012013
3023368
2375051531
979797
87114371
80650
37905
26932828
187611
27077700
104562976
73672
28614507
25744626
29764562
52382678
941871
920129
424242
212873
28508411
225607
36714788
292703
158420
13547
601699
635202
77693
64317192
9562942464
27239734
77323
38610444
2531978623
6082657
3013779
26765507
26773744
26740258
3055649
845491513
27008801
29765147
2502311890
424242
23741092
1083100
172789
524639
98018
24624573
3268214
1517424
77046
24473248
7019765
4402152
111918
4321640
43643
158420
488985700
94342
351472
11635613
6510070
635202
39251
89380
58762
4140583
58021067
72165
49968723
64317192
9562942464
666666
509557924
31641916
77323
10867942
2334561250
61515661
129563560
68970
7999335092
312608
48267
6477321
27693748
979797
2978752
52468
80650
634019904
10808848
65524
37905
958908757
40991751
205593
3003830
61883396
16254249
4240403
454545
13146
100001
64030492
28635984
86365
31650202
15097699
52938428
475424
661999
845491513
2160527
941871
64549252
13715
984832711
4339151
66946299
538643
445492278
9161108
89862
86033885
8983476
15922
46173
999999
87292
89380
58762
5060283627
666666
32935
854285044
83205
1733059
490693
6183507
565447
95431
54324
44552
494949
97797
708533990
7569335285
25577529
78046
307083728
307372704
311680853
307241906
317497708
12083
634534052
26185249
51933493
307105730
59867
307053606
306968792
322639395
307521033
306742230
308579511
308699337
100001
31623558
308045527
52264605
323035520
306991241
310946824
312174374
306828384
9093919799
307400131
307287704
307038958
317497230
310824599
12661078
306862715
317787928
307506136
55955797
318267029
321486401
321977264
313947678
310129244
309313060
9498330
80074
307300726
317530192
3216519
317949785
307390578
305512206
307029856
319483619
308028196
306491257
306951421
7019765
307754254
919404
318094201
308338428
306623308
26862220
313373990
23634335
322634892
307506459
316591661
317948856
306954420
311452891
891380
63964
306564086
307752627
310466595
317614567
313145743
5831469
55879763
307050233
322123069
322655084
306696075
863987
51959503
321481274
307387298
313655258
320568519
307460496
307139254
306469461
307947707
307506065
42872279
315911996
321983942
307951335
322118052
89100
308254798
306697546
312293203
158420
312117795
307505597
307276286
51909984
316352578
321486655
306966632
311828366
9562942464
307270908
6313193
318094269
313145527
307301272
310816745
307017590
311360513
312957141
320119344
52483728
83940
319486800
317497430
32137288
306778951
25645584
309949000
309953267
41698698
41698621
41698563
264278
41698600
41698608
41698741
982962300
68000
1156715399
20018909
41698618
139653120
41698398
10378
28282
41698456
41698620
41698692
41698679
41698449
41698676
505050
123741
1299622852
454133
39118
141516
41698836
41698391
41698423
515804142
471851341
101010
40000
41698451
41698380
41698737
503130474
1228038936
41698830
41698740
41698721
902977856
41698376
161616
971252960
41698768
41698481
253540
41698769
41698678
41698399
41698425
41698624
41698819
41698716
41698578
414141
488860
41698596
30878
20333
41698458
1196104730
41698900
41698623
292826
1196104014
41698603
41698824
41698553
41698691
41698385
41698566
41698480
41698489
41698459
41698573
43410
41698392
41698694
1882255103
41698567
41698381
41698872
41698375
41698590
41698582
455213871
41698876
41698378
80510
41698690
41698390
565656
444934666
710380093
353732572
680707
401847
488855
41698597
41698584
101890
41698419
41698466
788412899
987224999
60000
10103
41698606
545351
15619
41698864
30000
221808
1165564617
41698513
41698599
41698609
41698649
128000
41698431
41698400
41698863
1204718421
420104
446745748
41698441
41698700
41698579
41698569
41698465
143465
1825607442
488863
41698433
3081966
41698525
41698605
101315
41698576
41698615
585759
41698714
47748
158000
1687772
41698445
41698544
41698626
41698851
41698888
41698630
41698901
41698396
41698439
41698520
160308
57144
535354
41698877
41698393
141616
41698437
863838
41698611
41698907
41698587
41698413
41698677
41698383
41698629
41698786
514309
50505
242424
41698841
996788057
41698435
41698397
41698462
41698736
41698762
41698570
11365742
54982
41698591
41698384
41698715
41698738
41698382
161200
353732575
41698717
79172
363338
41698614
2098315820
41698602
1064611
41698453
41698845
41698894
2016623701
41698632
137309
902977859
2003234138
41698535
41698463
41698475
25085
41698386
41698889
41698427
141713
401842
1299624130
41698906
41698701
41698575
41698379
183144
41698581
793136360
98000
41698724
1091452104
58106
907002334
487686
41698895
41698530
41698612
41698617
41698846
364183992
41698387
70170
41698695
41698395
41698543
401835
10378561
1196104739
41698389
2228079
41698429
41698417
212121
41698515
987570992
1126393138
41698421
513835
41698594
41698857
41698564
103454
41698415
41698377
1299623588
168000
41698593
41698725
41698852
446324237
41698560
41698693
41698858
825882822
333333
41698627
401837
987570993
41698654
108000
41698588
1126393139
542280115
36356
793136363
41698633
41698763
92005
41698572
131513
1187161515
41698723
155081
41698739
370130751
41698585
41698697
41698699
41698722
41698720
41698374
656087454
90425
121212
373737
401849
41698883
41698718
343435
41698503
41698443
41698675
41698882
41698835
41698447
41698508
41698674
488857
41698394
41698455
835008
41698713
41698561
692148685
41698825
41698388
292929
545454
3795375
1299627659
1299612088
504515421
41698648
292374531
41698702
463887
67858795
1517424
4711645
5350027
131108860
2495052102
87658503
4592024
4402152
26887064
4321640
1192004
11635613
26605881
89380
58762
11530734
5923466
55070
4804579
2468698085
59558889
10465499
68970
14219476
48267
596337
625054155
97121
150206
180409
10525721
6871738
454545
100001
3869310
1653677452
1393473
475424
1650892398
2971805
44657247
6901921
1240546
27082920
11329340
77046
6975523
60957630
29447502
21565824
42445291
624517621
10530198
1649457329
628045547
5851322
11015422
13233152
666666
3162323
220617
891079
1108093
11144
26862829
2507572275
1395343
10205753
26601202
887901
24083865
129636
2460516705
46130253
45895527
27050201
25975450
27451388
24750747
593799
6874741
11275
61747320
210952
8912288
25245047
524639
7660775
2501863104
7019765
78887
650066251
27047887
6785071
94342
59415992
122087
5905560
10569642
4124727
10969
10757940
11078417
192532
236915471
979797
2438256123
85843
80650
37905
2507024497
2507227732
28661009
1657880492
38371
2502326194
596363
2499430366
29494985
2486636979
941871
424242
1655227779
11595568
42813607
43307876
38016695
202421
27024903
52339
9074672
585622
67227
2505967243
158420
13018
27041617
248265
24084253
3004901
635202
2512401015
108148
64317192
26324232
9562942464
38090886
77323
596403
2495655984
5936676
98468
26779672
2503997609
4075572
8885077
11314814
590704877
105839
20495023
588192
25776904
629531154
845491513
10519780
1221509
54249179
2837021
462498266
568117861
515141243
906123347
59546193
214593935
2865284214
462256271
506979206
515090794
445791834
70476361
363772314
1824111578
291814286
457360866
12083
445848352
164094501
931889913
26185249
308276694
457327615
507754580
59867
47821976
443126097
71552506
2402914235
507752915
521884500
457327188
457333501
445859396
445983718
592193812
506981434
63714797
446269913
465306133
100001
1334071613
40075202
71572880
296173799
466384313
63679262
34347679
123642111
137990973
9093919799
592082002
464538329
506963332
465299395
429667683
461596140
446233156
12661078
71578250
67938697
200172722
445066168
39793620
514975788
282301029
50419700
81372241
69809179
67282634
52047304
497415653
52636563
41207174
61019516
457361201
44530629
457340126
461701584
457352523
303120901
465304774
9498330
457343223
46352755
334287540
3216519
594358203
464500331
995781219
635588951
670068197
64363823
893095629
464508324
46801748
4347837
7019765
53742110
39290253
731439771
521884463
919404
20081215
26862220
23634335
547024179
69733444
970691564
190794229
58126434
457336595
1163067184
69731420
431414683
17359302
956651844
891380
1007707385
63964
514399623
57226447
747422619
4966074
461702317
71160321
446233295
464518008
49161135
63350626
1204732707
1034182769
863987
542007420
64380136
66140727
15111
53951006
1253589120
46495704
57541332
444966089
68862082
20688554
429651478
61105108
39850764
306376661
61840254
42458367
447887013
430626595
429687533
598067494
158420
465174134
68494213
9562942464
66536763
515693788
807378803
960995986
275682782
59749285
44028484
1034078299
1418086022
47373951
68818916
1892327
49176647
46546336
467023375
446169558
429670505
83940
48353202
492567587
3185889
429727944
32137288
25645584
56789
456789
56789
456789
54249179
2837021
462498266
568117861
515141243
906123347
59546193
214593935
2865284214
462256271
506979206
515090794
445791834
70476361
363772314
1824111578
291814286
457360866
12083
445848352
164094501
931889913
26185249
308276694
457327615
507754580
59867
47821976
443126097
71552506
2402914235
507752915
521884500
457327188
457333501
445859396
445983718
592193812
506981434
63714797
446269913
465306133
100001
1334071613
40075202
71572880
296173799
466384313
63679262
34347679
123642111
137990973
9093919799
592082002
464538329
506963332
465299395
429667683
461596140
446233156
12661078
71578250
67938697
445066168
39793620
514975788
282301029
50419700
81372241
200148204
69809179
67282634
52047304
497415653
52636563
41207174
61019516
457361201
44530629
457340126
461701584
457352523
303120901
465304774
9498330
457343223
46352755
334287540
3216519
594358203
464500331
995781219
635588951
670068197
64363823
893095629
464508324
46801748
4347837
7019765
53742110
39290253
731439771
521884463
919404
20081215
26862220
23634335
547024179
69733444
970691564
190794229
58126434
457336595
1163067184
69731420
431414683
17359302
956651844
891380
1007707385
63964
514399623
57226447
747422619
4966074
461702317
71160321
446233295
464518008
49161135
63350626
1204732707
1034182769
863987
542007420
64380136
66140727
15111
53951006
1253589120
46495704
57541332
444966089
68862082
20688554
429651478
61105108
39850764
306376661
61840254
42458367
447887013
430626595
429687533
598067494
158420
465174134
68494213
9562942464
66536763
515693788
807378803
960995986
275682782
59749285
44028484
1034078299
1418086022
47373951
68818916
1892327
49176647
46546336
467023375
446169558
429670505
83940
48353202
492567587
3185889
429727944
32137288
25645584
197644
1517424
2721205
19785
4402152
37049079
4321640
7015714
11635613
33203242
1817310
25721
89380
58762
68970
1502513719
48267
3128207
454545
100001
3977470
4113852
475424
54690907
4706451
1395452
2985177
77046
6123978
17133
75877
3205624
116685
666666
7721638
583188016
22429668
2266082
5256646
3168086
758178913
524639
587667124
7019765
3236904
3092491
3962589
94342
3132122
1492974
492869
4043763
63964
10365544
1389971
3039969
11613719
979797
4047637
80650
3905366
37905
616621
11881942
145276
720673149
44069305
4247967
1196179583
941871
5244092
424242
120339
4213525
3569969
209854772
10453448
3942275
158420
4036077
1790179785
635202
4217513
64317192
9562942464
3833950
77323
4060383
6128003
4282086
13422786
108441
59540246
466516170
4151491
21515
845491513
21807330
679478005
1466061928
35272644
30142540
1517424
4848610
4402152
4321640
11635613
661959790
83306
89380
58762
25785305
4322373
10465499
68970
125734
48267
3914403
12046945
20215
3274505
2350956
2156528
454545
100001
1372139719
195416895
2326890587
195364470
475424
5162494
129129
1083100
77046
45567000
120000000
10998504
26662193
666666
4271832
63479537
4363464
1935472
3608183
1408665952
2508926717
43271448
3670701
3058006
758178913
27264181
137304
524639
7660775
264447
7019765
3068186
786434
799723773
107747
94342
556294
4742918
4043763
63964
39686573
979797
80650
4873490
37905
1375817973
26158014
5450891
1314310319
941871
26675772
721620
31333
424242
4195676
6386345
12854223
3885433
158420
4140308
665877459
1491590
635202
106491
64317192
9562942464
77323
10986449
312608
2117476
22779187
2199000881
65524
16130
25862578
1368072320
4240089
1281402537
1252876266
845491513
6971017
137299
1517424
4402152
4321640
11602267
2004121607
3023399
29219245
11635613
1808872109
89380
58762
5375620
28753282
1440804
35088
6904936
1942351
37384147
1440803
68970
48267
2431089276
1219158
11350251
226710
157513308
20376577
912017
29217087
4031176
1202175107
454545
100001
113329464
475424
4715295
1083100
26799731
1240546
26813221
77046
2504277551
28534928
227778
45414
2501654012
5787118
5851322
2986942
1405950
1753123
666666
1900841
28793810
26791409
6136999
2507572275
106734
887901
11595
2217023893
1070222
28851079
6941150
6874741
1301465
383759
47872437
2505525050
3338851
524639
67920
7019765
94342
1008145
25980443
52468
979797
80650
59421129
2042447
11028
37905
29674844
26780098
11550507
941871
12281
424242
302855331
26806934
28771324
113894370
26791998
2496940327
8869768
158420
10519369
120425
6979379
635202
64317192
9562942464
1530076
77323
25938803
27731940
62816
2503997609
139332362
1282398873
4554820
11337788
4033964
20495023
28805120
845491513
26761416
26787931
11024
54249179
2837021
462498266
568117861
515141243
906123347
59546193
214593935
2865284214
462256271
506979206
515090794
445791834
70476361
363772314
1824111578
291814286
457360866
12083
445848352
164094501
931889913
26185249
308276694
457327615
507754580
59867
47821976
443126097
71552506
2402914235
507752915
521884500
457327188
457333501
445859396
445983718
592193812
506981434
63714797
446269913
465306133
100001
1334071613
40075202
71572880
296173799
466384313
63679262
34347679
123642111
137990973
9093919799
592082002
464538329
506963332
465299395
429667683
461596140
446233156
12661078
71578250
67938697
445066168
39793620
514975788
282301029
50419700
81372241
69809179
67282634
52047304
497415653
52636563
41207174
61019516
457361201
44530629
457340126
461701584
457352523
303120901
465304774
9498330
457343223
46352755
334287540
3216519
594358203
464500331
995781219
635588951
670068197
64363823
893095629
464508324
46801748
4347837
7019765
53742110
39290253
731439771
521884463
919404
20081215
26862220
23634335
547024179
69733444
970691564
190794229
58126434
457336595
1163067184
69731420
431414683
200009758
17359302
956651844
891380
1007707385
63964
514399623
57226447
747422619
4966074
461702317
71160321
446233295
464518008
49161135
63350626
1204732707
1034182769
863987
542007420
64380136
66140727
15111
53951006
1253589120
46495704
57541332
444966089
68862082
20688554
429651478
61105108
39850764
306376661
61840254
42458367
447887013
430626595
429687533
598067494
158420
465174134
68494213
9562942464
66536763
515693788
807378803
960995986
275682782
59749285
44028484
1034078299
1418086022
47373951
68818916
1892327
49176647
46546336
467023375
446169558
429670505
83940
48353202
492567587
3185889
429727944
32137288
25645584
